Date,Open,High,Low,Close,Volume
2021-11-28,14625.00000000,14647.50000000,13762.50000000,14385.00000000,317059.65600000
2021-11-27,14677.50000000,15075.00000000,14295.00000000,14632.50000000,524367.98200000
2021-11-26,16725.00000000,16867.50000000,14250.00000000,14677.50000000,1536691.46100000
2021-11-25,15915.00000000,17235.00000000,15802.50000000,16717.50000000,892094.61000000
2021-11-24,16215.00000000,16327.50000000,15442.50000000,15915.00000000,586526.86000000
2021-11-23,15682.50000000,16410.00000000,15382.50000000,16215.00000000,709895.64900000
2021-11-22,16590.00000000,16627.50000000,15390.00000000,15682.50000000,865031.63400000
2021-11-21,17010.00000000,17310.00000000,16470.00000000,16582.50000000,698329.31300000
2021-11-20,16342.50000000,17085.00000000,15930.00000000,17010.00000000,841347.75400000
2021-11-19,15307.50000000,16597.50000000,14962.50000000,16342.50000000,1040819.80100000
2021-11-18,17220.00000000,17430.00000000,14955.00000000,15315.00000000,1689641.57400000
2021-11-17,17280.00000000,17655.00000000,16320.00000000,17220.00000000,1422751.18300000
2021-11-16,19725.00000000,19747.50000000,16687.50000000,17265.00000000,2396155.13000000
2021-11-15,20947.50000000,21112.50000000,19425.00000000,19725.00000000,1155933.60900000
2021-11-14,19327.50000000,20977.50000000,18630.00000000,20947.50000000,1358747.99700000
2021-11-13,18832.50000000,19815.00000000,18390.00000000,19327.50000000,1167201.21100000
2021-11-12,19665.00000000,21202.50000000,18277.50000000,18840.00000000,2414623.35200000
2021-11-11,19522.50000000,20565.00000000,18787.50000000,19672.50000000,1666490.10600000
2021-11-10,19650.00000000,22177.50000000,18870.00000000,19530.00000000,3733558.86070000
2021-11-09,17175.00000000,20595.00000000,16987.50000000,19650.00000000,3256268.81184000
2021-11-08,15157.50000000,17227.50000000,15150.00000000,17175.00000000,1380080.24700000
2021-11-07,14820.00000000,15157.50000000,14767.50000000,15150.00000000,351383.08000000
2021-11-06,14917.50000000,15082.50000000,14325.00000000,14820.00000000,420636.05100000
2021-11-05,15195.00000000,15247.50000000,14752.50000000,14917.50000000,454701.02800000
2021-11-04,15547.50000000,15547.50000000,14707.50000000,15195.00000000,592543.49400000
2021-11-03,15067.50000000,15697.50000000,14805.00000000,15547.50000000,839855.94100000
2021-11-02,14820.00000000,15367.50000000,14632.50000000,15067.50000000,589454.74200000
2021-11-01,14392.50000000,15090.00000000,14085.00000000,14820.00000000,656176.59200000
2021-10-31,14265.00000000,14640.00000000,14002.50000000,14392.50000000,514684.87500000
2021-10-30,14752.50000000,14797.50000000,13995.00000000,14265.00000000,415371.62000000
2021-10-29,14235.00000000,14902.50000000,14107.50000000,14752.50000000,581094.60000000
2021-10-28,13440.00000000,14587.50000000,13320.00000000,14235.00000000,722390.73500000
2021-10-27,14812.50000000,15375.00000000,12832.50000000,13447.50000000,1380721.92600000
2021-10-26,14662.50000000,14955.00000000,14272.50000000,14820.00000000,571152.65500000
2021-10-25,14280.00000000,14805.00000000,14220.00000000,14662.50000000,435121.82200000
2021-10-24,14722.50000000,14992.50000000,13890.00000000,14280.00000000,568204.06000000
2021-10-23,14325.00000000,14850.00000000,14152.50000000,14722.50000000,413109.66400000
2021-10-22,14760.00000000,15112.50000000,14092.50000000,14325.00000000,731846.10500000
2021-10-21,15555.00000000,16102.50000000,14640.00000000,14760.00000000,1129324.23500000
2021-10-20,14160.00000000,15705.00000000,13920.00000000,15547.50000000,1121684.82000000
2021-10-19,13912.50000000,14370.00000000,13732.50000000,14160.00000000,598824.68800000
2021-10-18,13785.00000000,14070.00000000,13387.50000000,13920.00000000,591931.08300000
2021-10-17,13950.00000000,14107.50000000,13230.00000000,13777.50000000,475002.96300000
2021-10-16,14227.50000000,14445.00000000,13875.00000000,13950.00000000,576811.60500000
2021-10-15,13597.50000000,14475.00000000,13230.00000000,14220.00000000,1143344.43800000
2021-10-14,13327.50000000,14002.50000000,13267.50000000,13597.50000000,746399.18100000
2021-10-13,12945.00000000,13477.50000000,12570.00000000,13320.00000000,657952.56200000
2021-10-12,13440.00000000,13440.00000000,12472.50000000,12945.00000000,708173.90000000
2021-10-11,13110.00000000,13905.00000000,12900.00000000,13432.50000000,679614.98700000
2021-10-10,13492.50000000,13800.00000000,13050.00000000,13110.00000000,559785.15300000
2021-10-09,13192.50000000,13717.50000000,13080.00000000,13492.50000000,445979.88800000
2021-10-08,13395.00000000,13755.00000000,13080.00000000,13192.50000000,697493.03400000
2021-10-07,13387.50000000,14025.00000000,13005.00000000,13395.00000000,866672.44700000
2021-10-06,13027.50000000,13725.00000000,12285.00000000,13387.50000000,967921.40400000
2021-10-05,12562.50000000,13155.00000000,12495.00000000,13035.00000000,622714.61200000
2021-10-04,12787.50000000,12817.50000000,12097.50000000,12562.50000000,586624.93100000
2021-10-03,12667.50000000,13125.00000000,12427.50000000,12787.50000000,437060.78700000
2021-10-02,12457.50000000,12960.00000000,12330.00000000,12667.50000000,427845.77300000
2021-10-01,11490.00000000,12607.50000000,11332.50000000,12465.00000000,701432.91700000
2021-09-30,10860.00000000,11587.50000000,10792.50000000,11497.50000000,505878.24000000
2021-09-29,10537.50000000,11280.00000000,10477.50000000,10852.50000000,505249.15568000
2021-09-28,10875.00000000,11175.00000000,10500.00000000,10545.00000000,551914.77190000
2021-09-27,11302.50000000,11617.50000000,10860.00000000,10875.00000000,463173.18800000
2021-09-26,11317.50000000,11505.00000000,10642.50000000,11302.50000000,837958.06500000
2021-09-25,11400.00000000,11692.50000000,11160.00000000,11325.00000000,622457.07800000
2021-09-24,12292.50000000,12495.00000000,10620.00000000,11407.50000000,1236046.28455000
2021-09-23,12105.00000000,12375.00000000,11782.50000000,12292.50000000,559513.52200000
2021-09-22,11145.00000000,12135.00000000,10897.50000000,12105.00000000,822665.56600000
2021-09-21,11790.00000000,12172.50000000,10852.50000000,11137.50000000,988169.63393000
2021-09-20,13170.00000000,13200.00000000,11497.50000000,11790.00000000,1300459.67767000
2021-09-19,13597.50000000,13627.50000000,12937.50000000,13170.00000000,364865.77500000
2021-09-18,13500.00000000,13935.00000000,13342.50000000,13605.00000000,372409.22400000
2021-09-17,13890.00000000,14287.50000000,13312.50000000,13500.00000000,566767.06900000
2021-09-16,14182.50000000,14655.00000000,13612.50000000,13890.00000000,935286.23100000
2021-09-15,13725.00000000,14407.50000000,13470.00000000,14175.00000000,745508.05900000
2021-09-14,13455.00000000,14175.00000000,13207.50000000,13732.50000000,1091279.99700000
2021-09-13,13732.50000000,18000.00000000,12802.50000000,13455.00000000,5437062.67410000
2021-09-12,13395.00000000,13965.00000000,13132.50000000,13725.00000000,564714.69600000
2021-09-11,13057.50000000,13965.00000000,13005.00000000,13395.00000000,551963.07100000
2021-09-10,13537.50000000,14055.00000000,12802.50000000,13057.50000000,721100.84200000
2021-09-09,13477.50000000,14145.00000000,13237.50000000,13537.50000000,896655.71800000
2021-09-08,13380.00000000,14175.00000000,12697.50000000,13477.50000000,1419232.64100000
2021-09-07,16455.00000000,16642.50000000,12157.50000000,13387.50000000,2026882.59263000
2021-09-06,17415.00000000,17422.50000000,16110.00000000,16455.00000000,1001710.49300000
2021-09-05,15900.00000000,17442.00000000,15787.50000000,17415.00000000,1007949.97992000
2021-09-04,15967.50000000,16890.00000000,15630.00000000,15892.50000000,1448417.53392000
2021-09-03,13755.00000000,16327.50000000,13485.00000000,15967.50000000,2071663.63126000
2021-09-02,13567.50000000,14092.50000000,13455.00000000,13747.50000000,683639.85445000
2021-09-01,12870.00000000,13710.00000000,12637.50000000,13567.50000000,692302.29400000
2021-08-31,12555.00000000,13155.00000000,12420.00000000,12862.50000000,553621.00700000
2021-08-30,13080.00000000,13237.50000000,12487.50000000,12547.50000000,468119.39600000
2021-08-29,13177.50000000,13695.00000000,12982.50000000,13072.50000000,547343.58554000
2021-08-28,13215.00000000,13282.50000000,12847.50000000,13170.00000000,316185.26963000
2021-08-27,12577.50000000,13226.25000000,12375.00000000,13215.00000000,456121.02531000
2021-08-26,13332.00000000,13513.50000000,12367.50000000,12577.50000000,568905.75324000
2021-08-25,13004.25000000,13425.00000000,12679.50000000,13331.25000000,617983.08030000
2021-08-24,14023.50000000,14148.00000000,12918.75000000,13006.50000000,780692.69421000
2021-08-23,13938.75000000,14395.50000000,13770.75000000,14025.75000000,877311.28336000
2021-08-22,13467.75000000,14220.00000000,13378.50000000,13943.25000000,935874.98336000
2021-08-21,13769.25000000,13836.00000000,13239.00000000,13472.25000000,644225.29965000
2021-08-20,13167.75000000,13808.25000000,13058.25000000,13769.25000000,708140.15383000
2021-08-19,12498.00000000,13186.50000000,12199.50000000,13169.25000000,682216.29479000
2021-08-18,12645.00000000,13090.50000000,12219.00000000,12498.75000000,694819.54486000
2021-08-17,13347.00000000,13828.50000000,12600.75000000,12645.75000000,781038.75082000
2021-08-16,13844.25000000,14177.25000000,13226.25000000,13344.75000000,898330.41540000
2021-08-15,13708.50000000,13991.25000000,13138.50000000,13845.00000000,948648.90733000
2021-08-14,13749.00000000,13883.25000000,13096.50000000,13707.00000000,944596.30069000
2021-08-13,12405.75000000,13842.75000000,12300.00000000,13748.25000000,1122682.76822000
2021-08-12,12792.75000000,13480.50000000,12057.75000000,12403.50000000,987267.21224000
2021-08-11,12403.50000000,13205.25000000,12317.25000000,12795.00000000,914647.01760000
2021-08-10,12470.25000000,12621.00000000,11909.25000000,12403.50000000,894686.73503000
2021-08-09,11226.75000000,12808.50000000,10886.25000000,12473.25000000,1165618.32076000
2021-08-08,11694.00000000,11822.25000000,11025.00000000,11226.75000000,700140.23658000
2021-08-07,11094.75000000,11729.25000000,11029.50000000,11694.00000000,878574.53896000
2021-08-06,10763.25000000,11317.50000000,10629.75000000,11096.25000000,685973.67511000
2021-08-05,10692.75000000,10889.25000000,10209.00000000,10764.75000000,615027.38819000
2021-08-04,10386.75000000,10837.50000000,10165.50000000,10692.75000000,486488.33119000
2021-08-03,10599.00000000,10743.00000000,10170.00000000,10386.75000000,402821.08451000
2021-08-02,10523.25000000,10944.75000000,10407.00000000,10601.25000000,419849.68249000
2021-08-01,10826.25000000,11233.50000000,10353.00000000,10523.25000000,584699.77102000
2021-07-31,10913.25000000,10995.00000000,10637.25000000,10827.75000000,388737.61543000
2021-07-30,10608.00000000,10941.00000000,10189.50000000,10913.25000000,605847.24082000
2021-07-29,10536.00000000,10725.00000000,10241.25000000,10608.00000000,542641.00192000
2021-07-28,10104.75000000,10650.00000000,9929.25000000,10531.50000000,729936.12774000
2021-07-27,9829.50000000,10134.00000000,9545.25000000,10105.50000000,607384.02252000
2021-07-26,9573.00000000,10535.25000000,9513.75000000,9829.50000000,1052092.77379000
2021-07-25,9450.00000000,9599.25000000,9263.25000000,9576.00000000,392963.87036000
2021-07-24,9320.25000000,9577.50000000,9246.75000000,9449.25000000,432891.78019000
2021-07-23,9051.75000000,9358.50000000,8776.50000000,9318.00000000,404160.06952000
2021-07-22,8832.75000000,9150.00000000,8670.75000000,9050.25000000,464759.47146000
2021-07-21,8048.25000000,8943.00000000,7878.75000000,8830.50000000,682039.47283000
2021-07-20,8485.50000000,8631.75000000,7787.25000000,8046.75000000,766236.24738000
2021-07-19,8937.00000000,9056.25000000,8386.50000000,8484.75000000,493082.96266000
2021-07-18,9000.00000000,9303.75000000,8717.25000000,8937.75000000,430985.21457000
2021-07-17,9049.50000000,9219.00000000,8826.00000000,8996.25000000,425298.69428000
2021-07-16,9441.00000000,9590.25000000,9028.50000000,9048.75000000,422183.01506000
2021-07-15,9829.50000000,9984.75000000,9144.75000000,9439.50000000,494375.72430000
2021-07-14,9858.75000000,9931.50000000,9269.25000000,9830.25000000,538916.43958000
2021-07-13,9999.00000000,10095.75000000,9701.25000000,9858.00000000,454856.67168000
2021-07-12,10071.00000000,10481.25000000,9886.50000000,10003.50000000,670917.62355000
2021-07-11,10049.25000000,10236.00000000,9906.00000000,10071.00000000,324968.57149000
2021-07-10,10090.50000000,10261.50000000,9774.00000000,10049.25000000,365844.86832000
2021-07-09,9908.25000000,10188.75000000,9450.00000000,10093.50000000,527547.82163000
2021-07-08,10303.50000000,10330.50000000,9582.75000000,9911.25000000,645442.57112000
2021-07-07,10414.50000000,10719.75000000,10265.25000000,10305.75000000,520913.20131000
2021-07-06,10332.00000000,10704.75000000,10170.00000000,10415.25000000,530800.52733000
2021-07-05,10872.00000000,10877.25000000,10038.00000000,10328.25000000,561680.84949000
2021-07-04,10514.25000000,11107.50000000,10266.00000000,10871.25000000,443949.92264000
2021-07-03,10265.25000000,10602.75000000,10092.75000000,10512.75000000,351451.49767000
2021-07-02,10275.75000000,10422.75000000,9795.00000000,10263.75000000,467041.14947000
2021-07-01,10823.25000000,10823.25000000,10049.25000000,10276.50000000,539535.29970000
2021-06-30,10817.25000000,11020.50000000,10200.75000000,10819.50000000,629619.41847000
2021-06-29,10326.00000000,11188.50000000,10293.00000000,10815.00000000,898148.69711000
2021-06-28,9942.75000000,10466.25000000,9741.75000000,10326.75000000,703645.47159000
2021-06-27,9510.75000000,9950.25000000,9349.50000000,9945.00000000,573388.24688000
2021-06-26,9377.25000000,9708.00000000,8900.25000000,9516.75000000,871924.09227000
2021-06-25,10094.25000000,10383.75000000,9323.25000000,9375.00000000,764515.33892000
2021-06-24,9684.75000000,10302.00000000,9278.25000000,10093.50000000,660335.54019000
2021-06-23,8976.75000000,10031.25000000,8661.75000000,9682.50000000,1020444.64312000
2021-06-22,9328.50000000,9977.25000000,7869.00000000,8973.00000000,2255757.11457000
2021-06-21,11615.25000000,11662.50000000,9293.25000000,9334.50000000,1492819.37930000
2021-06-20,11438.25000000,11713.50000000,10781.25000000,11616.00000000,611253.37603000
2021-06-19,11724.75000000,12066.00000000,11423.25000000,11436.75000000,523073.02283000
2021-06-18,12534.75000000,12557.25000000,11340.00000000,11725.50000000,800699.30384000
2021-06-17,12492.00000000,13005.00000000,12210.75000000,12531.00000000,559434.62367000
2021-06-16,13137.00000000,13298.25000000,12317.25000000,12492.75000000,761479.45263000
2021-06-15,13491.00000000,13590.00000000,12911.25000000,13136.25000000,654352.05304000
2021-06-14,12813.75000000,13499.25000000,12475.50000000,13491.75000000,802051.95645000
2021-06-13,12135.75000000,12869.25000000,11731.50000000,12813.75000000,573493.90783000
2021-06-12,12213.00000000,12322.50000000,11560.50000000,12135.00000000,653167.31003000
2021-06-11,12613.50000000,13033.50000000,12041.25000000,12212.25000000,928611.54446000
2021-06-10,12940.50000000,13095.75000000,12159.00000000,12612.00000000,878866.63371000
2021-06-09,12048.00000000,12997.50000000,11423.25000000,12942.00000000,1139739.36054000
2021-06-08,12144.00000000,12336.00000000,10866.75000000,12047.25000000,1417289.87647000
2021-06-07,13231.50000000,13666.50000000,12018.75000000,12146.25000000,1035822.82509000
2021-06-06,12971.25000000,13497.00000000,12901.50000000,13230.75000000,677386.36378000
2021-06-05,13384.50000000,13911.75000000,12549.00000000,12970.50000000,846082.98073000
2021-06-04,14514.00000000,14535.75000000,12671.25000000,13383.00000000,1130262.18071000
2021-06-03,14038.50000000,14833.50000000,13646.25000000,14512.50000000,1079806.82442000
2021-06-02,13728.75000000,14350.50000000,13370.25000000,14035.50000000,976844.03214000
2021-06-01,14100.75000000,14487.00000000,13186.50000000,13724.25000000,1081241.44408000
2021-05-31,12786.00000000,14137.50000000,12262.50000000,14097.75000000,1242054.05369000
2021-05-30,12303.00000000,13582.50000000,11633.25000000,12788.25000000,1123365.50693000
2021-05-29,13297.50000000,14151.75000000,11823.75000000,12300.75000000,1554075.04320000
2021-05-28,14573.25000000,14916.00000000,12412.50000000,13299.75000000,2118247.13851000
2021-05-27,14919.00000000,15675.00000000,13529.25000000,14574.00000000,1457775.38448000
2021-05-26,13791.75000000,15309.75000000,13456.50000000,14918.25000000,1540975.47323000
2021-05-25,13899.00000000,14595.75000000,12536.25000000,13782.00000000,1974384.43463000
2021-05-24,10689.00000000,13902.75000000,10465.50000000,13899.00000000,2491240.93285000
2021-05-23,12697.50000000,13219.50000000,8852.25000000,10679.25000000,3854006.12408000
2021-05-22,13497.75000000,13833.00000000,12120.75000000,12699.00000000,1983438.52337000
2021-05-21,15799.50000000,16434.00000000,11742.00000000,13497.75000000,2998819.79591000
2021-05-20,13973.25000000,16875.00000000,12483.75000000,15805.50000000,4269465.92695000
2021-05-19,22048.50000000,22523.25000000,11025.00000000,13944.75000000,6731555.34383000
2021-05-18,21103.50000000,23847.75000000,20874.00000000,22048.50000000,2558765.69804000
2021-05-17,22191.75000000,22225.50000000,19595.25000000,21114.75000000,2079261.84526000
2021-05-16,22516.50000000,24296.25000000,20974.50000000,22191.75000000,1693568.12752000
2021-05-15,24468.00000000,24900.00000000,22212.75000000,22522.50000000,1486176.50537000
2021-05-14,23846.25000000,25413.75000000,23097.00000000,24467.25000000,1482325.51445000
2021-05-13,23280.00000000,24954.75000000,21825.00000000,23846.25000000,2979065.55728000
2021-05-12,28335.00000000,29577.75000000,22575.00000000,23280.00000000,2537826.91562000
2021-05-11,26919.75000000,28479.00000000,25875.00000000,28320.00000000,2031121.35038000
2021-05-10,29082.75000000,31011.75000000,25026.00000000,26916.75000000,3830553.73813000
2021-05-09,26037.75000000,29175.00000000,25013.25000000,29085.00000000,2292100.05852000
2021-05-08,25866.75000000,26751.00000000,25050.00000000,26032.50000000,1327716.19070000
2021-05-07,26589.00000000,28087.50000000,24999.75000000,25866.75000000,2822668.46597000
2021-05-06,26702.25000000,27369.75000000,23850.00000000,26600.25000000,2752093.00755000
2021-05-05,22893.00000000,27000.00000000,22539.00000000,26703.00000000,3748897.98686000
2021-05-04,22104.75000000,24576.00000000,20250.00000000,22892.25000000,3939316.56899000
2021-05-03,20162.25000000,22479.00000000,20133.00000000,22115.25000000,1427253.57143000
2021-05-02,20757.75000000,20810.25000000,19852.50000000,20166.00000000,656429.21428000
2021-05-01,20335.50000000,20893.50000000,19942.50000000,20758.50000000,759685.23196000
2021-04-30,19148.25000000,20518.50000000,18945.75000000,20334.75000000,1037748.69625000
2021-04-29,19387.50000000,19716.75000000,18612.00000000,19148.25000000,877558.78530000
2021-04-28,19482.75000000,20020.50000000,18568.50000000,19388.25000000,1014038.43734000
2021-04-27,18555.00000000,19736.25000000,18272.25000000,19482.75000000,1114182.69248000
2021-04-26,16792.50000000,18615.00000000,16593.00000000,18556.50000000,1236470.27391000
2021-04-25,16857.00000000,17685.00000000,15804.75000000,16791.00000000,928460.21980000
2021-04-24,18098.25000000,18105.75000000,16525.50000000,16856.25000000,1152968.01885000
2021-04-23,18945.00000000,19286.25000000,15516.75000000,18098.25000000,2866031.89172000
2021-04-22,19322.25000000,21720.75000000,17925.00000000,18937.50000000,2858792.51437000
2021-04-21,19554.75000000,20775.00000000,18806.25000000,19326.75000000,1841080.20554000
2021-04-20,19610.25000000,20460.00000000,17573.25000000,19551.00000000,2111225.32553000
2021-04-19,20501.25000000,21329.25000000,18765.75000000,19603.50000000,1973511.87573000
2021-04-18,22565.25000000,22862.25000000,17332.50000000,20502.00000000,3346589.56812000
2021-04-17,23129.25000000,25176.75000000,22256.25000000,22564.50000000,2574519.63550000
2021-04-16,21423.00000000,23781.75000000,19912.50000000,23132.25000000,3150447.99928000
2021-04-15,20910.00000000,21817.50000000,19950.00000000,21422.25000000,1409760.53776000
2021-04-14,20070.75000000,21225.00000000,19125.00000000,20914.50000000,1989435.79148000
2021-04-13,18333.00000000,20515.50000000,18327.00000000,20069.25000000,1931888.55344000
2021-04-12,18926.25000000,19495.50000000,18000.75000000,18331.50000000,1370860.16310000
2021-04-11,19241.25000000,19771.50000000,18357.75000000,18923.25000000,1890765.80129000
2021-04-10,16584.75000000,19275.00000000,16437.00000000,19225.50000000,1859281.88304000
2021-04-09,16962.75000000,17174.25000000,16404.00000000,16584.00000000,688918.82150000
2021-04-08,16441.50000000,17115.75000000,16266.75000000,16958.25000000,1074942.89645000
2021-04-07,17772.00000000,18224.25000000,15807.75000000,16428.75000000,2263475.46520000
2021-04-06,16611.00000000,18344.25000000,15972.75000000,17778.00000000,2444849.53403000
2021-04-05,15168.00000000,16910.25000000,14855.25000000,16611.00000000,1329743.76130000
2021-04-04,14637.75000000,15369.00000000,14416.50000000,15165.75000000,565154.10714000
2021-04-03,15858.00000000,16347.75000000,14613.75000000,14642.25000000,956126.60492000
2021-04-02,15215.25000000,16032.75000000,15058.50000000,15859.50000000,942970.73038000
2021-04-01,14751.75000000,15375.00000000,14550.00000000,15214.50000000,876741.40869000
2021-03-31,14678.25000000,14924.25000000,14025.00000000,14752.50000000,698229.63786000
2021-03-30,14529.75000000,15006.75000000,14275.50000000,14680.50000000,932290.64980000
2021-03-29,13816.50000000,14820.00000000,13683.75000000,14529.75000000,904774.30423000
2021-03-28,13804.50000000,14046.75000000,13500.00000000,13818.00000000,380545.16211000
2021-03-27,13758.00000000,13959.00000000,13331.25000000,13804.50000000,475886.83873000
2021-03-26,12864.75000000,13786.50000000,12858.00000000,13758.75000000,721838.20194000
2021-03-25,13203.75000000,13427.25000000,12589.50000000,12864.75000000,956666.86464000
2021-03-24,13936.50000000,14787.75000000,12900.00000000,13203.75000000,1189902.97985000
2021-03-23,13926.75000000,14208.00000000,13584.00000000,13937.25000000,638849.27686000
2021-03-22,14649.75000000,14925.00000000,13831.50000000,13925.25000000,725506.72916000
2021-03-21,15012.00000000,15150.00000000,14400.00000000,14648.25000000,581731.80679000
2021-03-20,14997.00000000,15457.50000000,14911.50000000,15012.75000000,473637.43878000
2021-03-19,14979.00000000,15375.00000000,14685.75000000,14997.00000000,536877.41275000
2021-03-18,15447.00000000,15618.75000000,14934.75000000,14977.50000000,774419.42586000
2021-03-17,15120.75000000,15520.50000000,14559.75000000,15448.50000000,885644.66746000
2021-03-16,15044.25000000,15414.75000000,14336.25000000,15120.00000000,1063051.80222000
2021-03-15,16050.00000000,16693.50000000,14817.00000000,15044.25000000,1413381.72445000
2021-03-14,16956.00000000,17109.00000000,16038.00000000,16045.50000000,806542.74173000
2021-03-13,16560.00000000,17267.25000000,15952.50000000,16954.50000000,1330663.68103000
2021-03-12,15102.75000000,16817.25000000,14880.75000000,16563.00000000,2081683.73697000
2021-03-11,15021.75000000,15265.50000000,14327.25000000,15102.00000000,981380.12090000
2021-03-10,15285.00000000,15600.00000000,14360.25000000,15021.75000000,1422079.58464000
2021-03-09,14389.50000000,15375.00000000,14169.00000000,15285.75000000,1279698.49896000
2021-03-08,14306.25000000,14646.00000000,13468.50000000,14388.75000000,1171979.04352000
2021-03-07,13714.50000000,14418.00000000,13668.75000000,14306.25000000,820418.23901000
2021-03-06,13515.75000000,13850.25000000,13101.00000000,13713.75000000,935959.96790000
2021-03-05,13549.50000000,13767.75000000,12637.50000000,13517.25000000,1182501.69882000
2021-03-04,14077.50000000,14580.00000000,13262.25000000,13550.25000000,1485337.09208000
2021-03-03,13429.50000000,14736.75000000,13259.25000000,14073.00000000,1873295.01116000
2021-03-02,13192.50000000,13899.00000000,12801.75000000,13431.00000000,1441741.00235000
2021-03-01,12395.25000000,13234.50000000,12247.50000000,13191.75000000,1216268.49518000
2021-02-28,12881.25000000,13006.50000000,11466.00000000,12391.50000000,1682228.22219000
2021-02-27,12765.00000000,13536.00000000,12534.75000000,12882.00000000,1113606.44010000
2021-02-26,13452.00000000,13714.50000000,12205.50000000,12768.75000000,2180233.25143000
2021-02-25,13607.25000000,15390.75000000,13125.00000000,13452.00000000,1961972.04220000
2021-02-24,13301.25000000,14209.50000000,12681.00000000,13607.25000000,1827554.60176000
2021-02-23,15607.50000000,15660.00000000,11796.75000000,13300.50000000,3669737.32689000
2021-02-22,17037.75000000,17054.25000000,13500.00000000,15624.00000000,2556958.22160000
2021-02-21,17007.75000000,17533.50000000,16504.50000000,17034.75000000,1268407.03046000
2021-02-20,17733.75000000,18528.00000000,16051.50000000,16998.75000000,1701950.27455000
2021-02-19,16993.50000000,18144.00000000,16504.50000000,17737.50000000,1402427.87852000
2021-02-18,17804.25000000,17938.50000000,16575.00000000,16994.25000000,1580820.71000000
2021-02-17,15767.25000000,17831.25000000,15252.75000000,17811.75000000,1839179.97093000
2021-02-16,15602.25000000,16686.00000000,15007.50000000,15769.50000000,1660812.39786000
2021-02-15,16010.25000000,16499.25000000,13898.25000000,15587.25000000,2173405.17958000
2021-02-14,16932.75000000,17307.75000000,15608.25000000,16011.75000000,1765475.48101000
2021-02-13,14753.25000000,17180.25000000,14358.75000000,16932.00000000,2843517.28691000
2021-02-12,13771.50000000,14988.00000000,13256.25000000,14751.75000000,1946870.34253000
2021-02-11,13619.25000000,14519.25000000,13179.00000000,13771.50000000,1664189.08770000
2021-02-10,13614.00000000,14637.75000000,12717.75000000,13617.00000000,2781973.96254000
2021-02-09,12546.00000000,13836.75000000,12316.50000000,13611.75000000,1981149.12366000
2021-02-08,11307.00000000,12703.50000000,11082.00000000,12546.00000000,1894490.90608000
2021-02-07,11667.75000000,11796.75000000,10892.25000000,11307.00000000,1259975.92894000
2021-02-06,11628.75000000,12320.25000000,11236.50000000,11667.75000000,1879526.24312000
2021-02-05,10878.75000000,11769.75000000,10758.75000000,11628.75000000,1572009.29596000
2021-02-04,11695.50000000,11901.00000000,10577.25000000,10880.25000000,1766938.56965000
2021-02-03,10647.00000000,11752.50000000,10644.00000000,11694.75000000,1820822.28924000
2021-02-02,9899.25000000,10936.50000000,9890.25000000,10648.50000000,1884558.49538000
2021-02-01,9702.75000000,10247.25000000,9446.25000000,9900.00000000,1167609.37029000
2021-01-31,10001.25000000,10129.50000000,9425.25000000,9702.00000000,917993.35191000
2021-01-30,10100.25000000,10217.25000000,9601.50000000,10002.00000000,1215569.95596000
2021-01-29,9993.75000000,10912.50000000,9858.00000000,10098.75000000,2193040.38440000
2021-01-28,9183.75000000,10188.00000000,9055.50000000,9995.25000000,1074760.50528000
2021-01-27,10101.75000000,10122.00000000,8859.75000000,9183.00000000,1240323.68178000
2021-01-26,10280.25000000,10482.00000000,9588.75000000,10100.25000000,1093141.08136000
2021-01-25,10575.75000000,11090.25000000,10246.50000000,10280.25000000,1380902.39350000
2021-01-24,10324.50000000,10698.75000000,10029.75000000,10575.75000000,917459.85058000
2021-01-23,10323.75000000,10764.00000000,10128.75000000,10325.25000000,969988.56158000
2021-01-22,9727.50000000,10638.75000000,9202.50000000,10324.50000000,1979078.00560000
2021-01-21,11225.25000000,11268.75000000,9423.00000000,9729.00000000,2114912.93172000
2021-01-20,11388.75000000,11711.25000000,10380.00000000,11226.75000000,2037654.31965000
2021-01-19,11397.75000000,12451.50000000,11263.50000000,11389.50000000,2288798.47777000
2021-01-18,10708.50000000,11624.25000000,10383.00000000,11397.00000000,1644947.14813000
2021-01-17,10764.00000000,11025.00000000,10216.50000000,10710.00000000,1379082.37920000
2021-01-16,10774.50000000,11444.25000000,10446.00000000,10764.00000000,1784053.82975000
2021-01-15,11434.50000000,11680.50000000,9750.00000000,10773.75000000,2104225.51210000
2021-01-14,11054.25000000,11766.75000000,10766.25000000,11437.50000000,2033762.60027000
2021-01-13,10008.00000000,11134.50000000,9442.50000000,11053.50000000,2153426.27798000
2021-01-12,10416.00000000,11014.50000000,9600.00000000,10006.50000000,2825579.61257000
2021-01-11,12754.50000000,12805.50000000,8452.50000000,10415.25000000,4989528.65149000
2021-01-10,13295.25000000,13937.25000000,12139.50000000,12755.25000000,2269705.04460000
2021-01-09,12921.00000000,13410.00000000,12247.50000000,13294.50000000,1749781.84973000
2021-01-08,12701.25000000,13644.00000000,11250.00000000,12914.25000000,2843159.70340000
2021-01-07,12672.00000000,13591.50000000,12088.50000000,12701.25000000,2493533.99480000
2021-01-06,11884.50000000,12729.00000000,11621.25000000,12669.00000000,1857831.43166000
2021-01-05,11649.75000000,12210.00000000,10989.00000000,11882.25000000,1998205.92425000
2021-01-04,12092.25000000,13024.50000000,10448.25000000,11650.50000000,3530422.20392000
2021-01-03,10270.50000000,12352.50000000,10147.50000000,12093.00000000,3813834.07669000
2021-01-02,9465.00000000,10650.00000000,9236.25000000,10272.00000000,2442266.76500000
2021-01-01,9316.50000000,10047.75000000,9216.75000000,9468.00000000,1539801.80815000
2020-12-31,9754.50000000,9776.25000000,9148.50000000,9315.75000000,1248723.03424000
2020-12-30,9660.00000000,9983.25000000,9197.25000000,9753.75000000,1727676.64100000
2020-12-29,9738.00000000,9817.50000000,9000.00000000,9660.00000000,1732248.38409000
2020-12-28,9587.25000000,10305.75000000,9477.75000000,9737.25000000,2349842.95502000
2020-12-27,9720.75000000,10460.25000000,9141.00000000,9591.00000000,3743173.13001000
2020-12-26,9580.50000000,10139.25000000,9370.50000000,9720.75000000,3461075.64730000
2020-12-25,8334.75000000,9647.25000000,8113.50000000,9583.50000000,3117913.94898000
2020-12-24,7684.50000000,8424.00000000,7391.25000000,8334.75000000,2696980.51697000
2020-12-23,8573.25000000,8796.75000000,7142.25000000,7683.75000000,3923591.07434000
2020-12-22,7836.00000000,8597.25000000,7376.25000000,8574.00000000,3210319.32528000
2020-12-21,8594.25000000,8898.75000000,7523.25000000,7833.75000000,2599527.81365000
2020-12-20,8988.75000000,9240.75000000,8232.00000000,8593.50000000,2671305.32839000
2020-12-19,8200.50000000,9318.00000000,7898.25000000,8988.75000000,2753360.19971000
2020-12-18,7574.25000000,8466.00000000,7443.00000000,8200.50000000,3141671.53609000
2020-12-17,6970.50000000,8235.00000000,6750.00000000,7575.75000000,4161454.89253000
2020-12-16,6102.00000000,7008.00000000,5873.25000000,6970.50000000,2349124.19924000
2020-12-15,6178.50000000,6369.75000000,6029.25000000,6099.00000000,1348469.20889000
2020-12-14,6170.25000000,6223.50000000,5933.25000000,6176.25000000,1102081.73026000
2020-12-13,5748.00000000,6328.50000000,5664.00000000,6171.00000000,1278882.98328000
2020-12-12,5415.00000000,5818.50000000,5397.75000000,5750.25000000,872394.12884000
2020-12-11,5607.75000000,5631.75000000,5240.25000000,5415.00000000,1484095.85234000
2020-12-10,5805.75000000,5824.50000000,5438.25000000,5602.50000000,900570.55820000
2020-12-09,5756.25000000,5860.50000000,5409.75000000,5805.75000000,1378314.59353000
2020-12-08,6252.75000000,6362.25000000,5655.75000000,5757.00000000,1230953.86975000
2020-12-07,6265.50000000,6515.25000000,6129.75000000,6252.75000000,1145446.47407000
2020-12-06,6233.25000000,6389.25000000,6023.25000000,6266.25000000,921046.75996000
2020-12-05,5964.00000000,6321.00000000,5895.75000000,6235.50000000,1278363.44579000
2020-12-04,6675.75000000,6738.00000000,5835.00000000,5964.00000000,1701697.85317000
2020-12-03,6666.75000000,6862.50000000,6409.50000000,6675.00000000,1690248.45885000
2020-12-02,6380.25000000,6797.25000000,6195.75000000,6667.50000000,2135078.47937000
2020-12-01,6574.50000000,6975.75000000,5967.00000000,6381.00000000,3600461.26285000
2020-11-30,5916.75000000,6634.50000000,5747.25000000,6573.75000000,2118965.66781000
2020-11-29,5451.00000000,6080.25000000,5363.25000000,5918.25000000,1514540.21111000
2020-11-28,5188.50000000,5622.75000000,5119.50000000,5452.50000000,1483068.35897000
2020-11-27,5324.25000000,5512.50000000,4897.50000000,5186.25000000,1707521.50402000
2020-11-26,6131.25000000,6246.75000000,4833.75000000,5325.00000000,3435959.29518000
2020-11-25,6695.25000000,6807.00000000,5853.75000000,6131.25000000,1631940.24087000
2020-11-24,6678.00000000,7051.50000000,6345.00000000,6693.75000000,2621715.64303000
2020-11-23,6215.25000000,6819.75000000,6060.00000000,6677.25000000,2535636.06789000
2020-11-22,6531.75000000,6594.00000000,5797.50000000,6215.25000000,2048304.58082000
2020-11-21,6191.25000000,6637.50000000,6007.50000000,6535.50000000,2521719.40828000
2020-11-20,6115.50000000,6422.25000000,5999.25000000,6189.75000000,2386175.15236000
2020-11-19,5505.75000000,6255.00000000,5360.25000000,6114.75000000,2773824.05583000
2020-11-18,5724.00000000,5784.75000000,5082.75000000,5506.50000000,2653342.04102000
2020-11-17,5537.25000000,5775.00000000,5352.00000000,5724.00000000,2844994.89879000
2020-11-16,4671.75000000,5596.50000000,4656.00000000,5538.00000000,2526207.15962000
2020-11-15,4787.25000000,4832.25000000,4581.00000000,4671.00000000,685249.75502000
2020-11-14,4947.00000000,4974.00000000,4622.25000000,4788.75000000,1017826.05829000
2020-11-13,4554.00000000,4999.50000000,4510.50000000,4947.00000000,1974381.67036000
2020-11-12,4446.00000000,4561.50000000,4320.00000000,4554.00000000,830578.26228000
2020-11-11,4345.50000000,4539.75000000,4335.00000000,4445.25000000,824536.88147000
2020-11-10,4441.50000000,4470.00000000,4278.00000000,4344.75000000,639990.21607000
2020-11-09,4575.00000000,4639.50000000,4302.75000000,4442.25000000,997800.78526000
2020-11-08,4417.50000000,4652.25000000,4389.00000000,4576.50000000,795875.09498000
2020-11-07,4741.50000000,4857.75000000,4275.00000000,4417.50000000,1655539.62718000
2020-11-06,4420.50000000,4776.00000000,4395.75000000,4740.00000000,1735473.54314000
2020-11-05,4102.50000000,4479.75000000,4096.50000000,4421.25000000,1366335.62939000
2020-11-04,4047.00000000,4143.00000000,3869.25000000,4100.25000000,801009.79133000
2020-11-03,4036.50000000,4077.75000000,3834.75000000,4047.00000000,672320.16238000
2020-11-02,4170.00000000,4263.00000000,3975.75000000,4035.00000000,700498.49280000
2020-11-01,4176.75000000,4214.25000000,4055.25000000,4170.00000000,369373.81151000
2020-10-31,4051.50000000,4237.50000000,4020.00000000,4179.00000000,593903.97546000
2020-10-30,4116.00000000,4183.50000000,3915.00000000,4050.75000000,706074.89769000
2020-10-29,4182.00000000,4242.75000000,4002.75000000,4115.25000000,798253.73442000
2020-10-28,4342.50000000,4541.25000000,4103.25000000,4182.75000000,1227549.68318000
2020-10-27,4260.00000000,4429.50000000,4234.50000000,4343.25000000,846694.24825000
2020-10-26,4412.25000000,4448.25000000,4120.50000000,4261.50000000,937505.27029000
2020-10-25,4441.50000000,4500.00000000,4239.75000000,4413.00000000,907068.98603000
2020-10-24,4155.75000000,4473.00000000,4112.25000000,4442.25000000,945746.17086000
2020-10-23,4076.25000000,4275.00000000,3976.50000000,4156.50000000,1079055.89232000
2020-10-22,3973.50000000,4223.25000000,3972.75000000,4076.25000000,1405890.00408000
2020-10-21,3516.00000000,4125.00000000,3513.75000000,3973.50000000,1425655.01750000
2020-10-20,3599.25000000,3634.50000000,3477.00000000,3516.00000000,399254.84677000
2020-10-19,3565.50000000,3633.00000000,3510.00000000,3599.25000000,316808.83163000
2020-10-18,3519.00000000,3598.50000000,3508.50000000,3565.50000000,164733.27305000
2020-10-17,3570.75000000,3573.00000000,3471.00000000,3519.75000000,222964.85752000
2020-10-16,3714.00000000,3738.00000000,3420.00000000,3570.00000000,603775.07786000
2020-10-15,3734.25000000,3768.00000000,3660.00000000,3714.75000000,349966.03743000
2020-10-14,3742.50000000,3828.00000000,3695.25000000,3734.25000000,381873.31223000
2020-10-13,3793.50000000,3803.25000000,3660.00000000,3741.75000000,468445.05222000
2020-10-12,3786.00000000,3862.50000000,3693.00000000,3793.50000000,622150.70858000
2020-10-11,3666.75000000,3845.25000000,3649.50000000,3786.00000000,393329.63182000
2020-10-10,3583.50000000,3784.50000000,3582.00000000,3666.00000000,426163.73877000
2020-10-09,3540.75000000,3615.00000000,3494.25000000,3583.50000000,402514.89168000
2020-10-08,3492.00000000,3562.50000000,3408.75000000,3540.75000000,412581.66491000
2020-10-07,3450.75000000,3522.00000000,3376.50000000,3491.25000000,384596.71962000
2020-10-06,3476.25000000,3618.75000000,3414.00000000,3449.25000000,650720.47185000
2020-10-05,3501.00000000,3531.00000000,3414.75000000,3475.50000000,288147.27514000
2020-10-04,3412.50000000,3530.25000000,3396.00000000,3501.75000000,257423.66188000
2020-10-03,3366.00000000,3447.75000000,3354.00000000,3413.25000000,225825.74372000
2020-10-02,3468.75000000,3522.75000000,3239.25000000,3366.00000000,518670.86558000
2020-10-01,3469.50000000,3634.50000000,3392.25000000,3468.75000000,691422.81613000
2020-09-30,3426.00000000,3502.50000000,3408.00000000,3468.00000000,294138.00474000
2020-09-29,3392.25000000,3438.75000000,3371.25000000,3426.75000000,314875.69765000
2020-09-28,3453.75000000,3535.50000000,3360.00000000,3392.25000000,500347.34059000
2020-09-27,3450.75000000,3496.50000000,3342.00000000,3453.75000000,299821.64354000
2020-09-26,3450.75000000,3492.00000000,3384.00000000,3452.25000000,239828.37016000
2020-09-25,3369.00000000,3493.50000000,3297.75000000,3451.50000000,417026.33099000
2020-09-24,3224.25000000,3396.75000000,3192.00000000,3369.00000000,385922.04928000
2020-09-23,3335.25000000,3385.50000000,3168.75000000,3222.00000000,416831.71649000
2020-09-22,3237.75000000,3359.25000000,3206.25000000,3335.25000000,334632.72915000
2020-09-21,3532.50000000,3573.00000000,3119.25000000,3237.00000000,724381.66742000
2020-09-20,3638.25000000,3638.25000000,3461.25000000,3531.75000000,309678.11312000
2020-09-19,3639.75000000,3677.25000000,3595.50000000,3639.00000000,225043.69543000
2020-09-18,3663.75000000,3680.25000000,3558.00000000,3640.50000000,322351.62539000
2020-09-17,3582.00000000,3725.25000000,3573.00000000,3663.75000000,412392.29057000
2020-09-16,3621.75000000,3656.25000000,3518.25000000,3582.00000000,409293.57783000
2020-09-15,3681.00000000,3777.75000000,3607.50000000,3623.25000000,615374.46932000
2020-09-14,3612.75000000,3723.75000000,3533.25000000,3681.00000000,493683.75375000
2020-09-13,3811.50000000,3828.00000000,3544.50000000,3611.25000000,458828.41821000
2020-09-12,3671.25000000,3848.25000000,3628.50000000,3810.00000000,451949.52403000
2020-09-11,3648.75000000,3719.25000000,3552.75000000,3672.00000000,367092.22089000
2020-09-10,3586.50000000,3708.75000000,3582.75000000,3650.25000000,474471.86038000
2020-09-09,3560.25000000,3660.75000000,3489.00000000,3586.50000000,378772.50759000
2020-09-08,3663.75000000,3701.25000000,3448.50000000,3560.25000000,760182.50564000
2020-09-07,3594.75000000,3688.50000000,3391.50000000,3663.00000000,826692.56519000
2020-09-06,3586.50000000,3693.75000000,3471.00000000,3594.00000000,653592.78694000
2020-09-05,3774.75000000,3849.00000000,3390.75000000,3587.25000000,1350657.16967000
2020-09-04,3546.00000000,3928.50000000,3468.00000000,3774.00000000,1476516.48212000
2020-09-03,4355.25000000,4396.50000000,3399.75000000,3546.00000000,1324245.74096000
2020-09-02,4701.00000000,4739.25000000,4224.00000000,4354.50000000,934006.30005000
2020-09-01,4570.50000000,4823.25000000,4476.75000000,4701.75000000,972744.47944000
2020-08-31,4716.75000000,4777.50000000,4538.25000000,4569.00000000,680146.78621000
2020-08-30,4271.25000000,4721.25000000,4269.75000000,4716.75000000,839317.10194000
2020-08-29,4302.00000000,4363.50000000,4269.75000000,4272.75000000,408492.18575000
2020-08-28,4209.00000000,4371.00000000,4149.75000000,4303.50000000,644522.18905000
2020-08-27,4358.25000000,4443.00000000,4043.25000000,4207.50000000,975870.10827000
2020-08-26,4374.75000000,4432.50000000,4276.50000000,4357.50000000,663386.26018000
2020-08-25,4652.25000000,4671.75000000,4245.00000000,4375.50000000,1171220.25124000
2020-08-24,4542.00000000,4725.75000000,4497.75000000,4651.50000000,687323.05849000
2020-08-23,4515.75000000,4622.25000000,4350.75000000,4541.25000000,629697.67740000
2020-08-22,4438.50000000,4540.50000000,4332.00000000,4515.75000000,735637.16639000
2020-08-21,4710.00000000,4792.50000000,4407.75000000,4440.00000000,1054292.68684000
2020-08-20,4656.00000000,4776.00000000,4575.00000000,4710.00000000,867577.35764000
2020-08-19,4906.50000000,5036.25000000,4404.75000000,4659.00000000,1699324.38729000
2020-08-18,5041.50000000,5127.75000000,4752.75000000,4905.00000000,1562910.41383000
2020-08-17,4791.75000000,5166.00000000,4600.50000000,5041.50000000,1790813.80276000
2020-08-16,4488.75000000,4845.00000000,4335.00000000,4790.25000000,1576897.59255000
2020-08-15,4258.50000000,4565.25000000,4233.75000000,4488.75000000,1137795.12262000
2020-08-14,4285.50000000,4338.75000000,4186.50000000,4258.50000000,728312.30047000
2020-08-13,4090.50000000,4297.50000000,3889.50000000,4285.50000000,837109.90719000
2020-08-12,4058.25000000,4128.75000000,3866.25000000,4089.00000000,645092.49922000
2020-08-11,4370.25000000,4475.25000000,3927.75000000,4057.50000000,887598.71928000
2020-08-10,4272.00000000,4455.00000000,4228.50000000,4370.25000000,651148.79465000
2020-08-09,4384.50000000,4400.25000000,4200.00000000,4272.00000000,368846.69372000
2020-08-08,4289.25000000,4391.25000000,4234.50000000,4384.50000000,428217.70330000
2020-08-07,4427.25000000,4581.00000000,4088.25000000,4287.75000000,897911.44061000
2020-08-06,4416.00000000,4551.00000000,4326.75000000,4427.25000000,822577.34534000
2020-08-05,4321.50000000,4482.75000000,4254.75000000,4416.00000000,716365.47473000
2020-08-04,4388.25000000,4471.50000000,4219.50000000,4320.75000000,625555.61417000
2020-08-03,4257.75000000,4502.25000000,4178.25000000,4386.00000000,825040.86283000
2020-08-02,4623.75000000,4887.75000000,3884.25000000,4257.75000000,1811190.59194000
2020-08-01,4359.75000000,4667.25000000,4316.25000000,4623.75000000,1209772.30685000
2020-07-31,4254.75000000,4444.50000000,4183.50000000,4359.75000000,656214.79104000
2020-07-30,4137.75000000,4395.75000000,4043.25000000,4256.25000000,1024240.96809000
2020-07-29,4182.00000000,4272.75000000,4098.75000000,4137.00000000,827762.01759000
2020-07-28,3996.75000000,4344.00000000,3873.75000000,4181.25000000,1524796.93339000
2020-07-27,3605.25000000,4187.25000000,3513.75000000,3996.00000000,1501022.71390000
2020-07-26,3687.00000000,3809.25000000,3561.75000000,3607.50000000,895757.19561000
2020-07-25,3309.00000000,3714.00000000,3302.25000000,3687.00000000,908436.85403000
2020-07-24,3369.75000000,3372.00000000,3294.75000000,3308.25000000,246802.56871000
2020-07-23,3372.00000000,3422.25000000,3339.00000000,3370.50000000,432494.11351000
2020-07-22,3282.75000000,3384.00000000,3240.00000000,3372.00000000,335459.88539000
2020-07-21,3145.50000000,3308.25000000,3140.25000000,3282.75000000,314440.37624000
2020-07-20,3198.75000000,3209.25000000,3102.75000000,3145.50000000,180313.88112000
2020-07-19,3183.75000000,3216.75000000,3137.25000000,3198.00000000,195427.40326000
2020-07-18,3141.00000000,3217.50000000,3129.75000000,3183.75000000,171429.48278000
2020-07-17,3156.75000000,3186.75000000,3129.00000000,3142.50000000,201904.60020000
2020-07-16,3250.50000000,3261.75000000,3063.75000000,3156.75000000,389747.37081000
2020-07-15,3291.00000000,3304.50000000,3210.75000000,3249.75000000,216931.75920000
2020-07-14,3293.25000000,3306.75000000,3214.50000000,3291.00000000,246958.98880000
2020-07-13,3354.00000000,3419.25000000,3173.25000000,3294.00000000,445103.84230000
2020-07-12,3351.00000000,3397.50000000,3277.50000000,3352.50000000,245471.12147000
2020-07-11,3324.00000000,3357.75000000,3288.75000000,3351.75000000,186318.68972000
2020-07-10,3325.50000000,3348.00000000,3258.00000000,3322.50000000,256685.44543000
2020-07-09,3401.25000000,3440.25000000,3267.75000000,3324.75000000,413268.76529000
2020-07-08,3254.25000000,3421.50000000,3232.50000000,3401.25000000,537390.40825000
2020-07-07,3305.25000000,3336.75000000,3229.50000000,3254.25000000,307753.44376000
2020-07-06,3118.50000000,3323.25000000,3112.50000000,3304.50000000,368489.71516000
2020-07-05,3158.25000000,3165.00000000,3056.25000000,3118.50000000,235045.82858000
2020-07-04,3084.75000000,3167.25000000,3079.50000000,3158.25000000,239298.32793000
2020-07-03,3077.25000000,3127.50000000,3066.75000000,3085.50000000,190294.77564000
2020-07-02,3132.00000000,3142.50000000,3021.00000000,3078.75000000,274520.05417000
2020-07-01,3087.00000000,3150.75000000,3072.00000000,3132.75000000,189759.33668000
2020-06-30,3140.25000000,3155.25000000,3054.75000000,3087.75000000,170712.36761000
2020-06-29,3102.75000000,3171.75000000,3044.25000000,3140.25000000,323346.17200000
2020-06-28,3078.00000000,3153.75000000,3036.00000000,3102.75000000,169011.98685000
2020-06-27,3232.50000000,3234.00000000,2933.25000000,3079.50000000,301504.63430000
2020-06-26,3175.50000000,3270.00000000,3102.75000000,3231.75000000,348389.34208000
2020-06-25,3198.75000000,3225.00000000,3126.00000000,3176.25000000,241972.00632000
2020-06-24,3313.50000000,3351.75000000,3157.50000000,3198.75000000,357937.97223000
2020-06-23,3322.50000000,3336.75000000,3291.75000000,3313.50000000,219437.96099000
2020-06-22,3225.00000000,3350.25000000,3220.50000000,3322.50000000,281907.39739000
2020-06-21,3267.75000000,3287.25000000,3216.00000000,3225.00000000,159632.67850000
2020-06-20,3216.75000000,3288.75000000,3165.75000000,3267.75000000,202428.94630000
2020-06-19,3257.25000000,3279.75000000,3192.75000000,3216.75000000,304810.97536000
2020-06-18,3305.25000000,3317.25000000,3216.00000000,3257.25000000,193534.98938000
2020-06-17,3292.50000000,3378.00000000,3225.00000000,3305.25000000,324893.86142000
2020-06-16,3279.75000000,3316.50000000,3249.75000000,3291.00000000,215557.59073000
2020-06-15,3303.00000000,3306.75000000,3131.25000000,3279.75000000,355287.54016000
2020-06-14,3381.75000000,3383.25000000,3264.75000000,3303.75000000,170082.74029000
2020-06-13,3354.00000000,3391.50000000,3320.25000000,3381.00000000,151582.80518000
2020-06-12,3241.50000000,3402.00000000,3210.75000000,3354.00000000,236934.18593000
2020-06-11,3497.25000000,3522.00000000,3150.00000000,3241.50000000,538636.15983000
2020-06-10,3441.75000000,3539.25000000,3423.75000000,3497.25000000,319582.73016000
2020-06-09,3483.75000000,3513.00000000,3398.25000000,3440.25000000,219681.63540000
2020-06-08,3495.00000000,3509.25000000,3446.25000000,3482.25000000,220499.06993000
2020-06-07,3509.25000000,3523.50000000,3379.50000000,3497.25000000,306262.54148000
2020-06-06,3510.00000000,3543.00000000,3455.25000000,3509.25000000,226441.44764000
2020-06-05,3557.25000000,3598.50000000,3481.50000000,3512.25000000,400925.03604000
2020-06-04,3536.25000000,3607.50000000,3461.25000000,3557.25000000,471692.41566000
2020-06-03,3450.75000000,3562.50000000,3393.75000000,3537.00000000,428190.82164000
2020-06-02,3619.50000000,3747.00000000,3300.00000000,3449.25000000,920374.03122000
2020-06-01,3420.00000000,3660.75000000,3402.00000000,3618.75000000,599583.67722000
2020-05-31,3579.00000000,3588.00000000,3380.25000000,3420.75000000,494076.18673000
2020-05-30,3336.75000000,3606.00000000,3313.50000000,3579.00000000,590070.55350000
2020-05-29,3357.75000000,3396.75000000,3312.75000000,3335.25000000,298721.59314000
2020-05-28,3289.50000000,3366.00000000,3236.25000000,3357.75000000,291358.47336000
2020-05-27,3169.50000000,3303.75000000,3166.50000000,3288.75000000,282807.46234000
2020-05-26,3224.25000000,3230.25000000,3132.00000000,3170.25000000,218690.04463000
2020-05-25,3156.00000000,3249.00000000,3129.00000000,3222.75000000,250914.52741000
2020-05-24,3288.00000000,3341.25000000,3153.00000000,3156.00000000,360333.24872000
2020-05-23,3316.50000000,3355.50000000,3275.25000000,3288.75000000,237539.13840000
2020-05-22,3204.00000000,3351.00000000,3176.25000000,3317.25000000,398405.53856000
2020-05-21,3318.00000000,3346.50000000,3124.50000000,3204.75000000,504821.89137000
2020-05-20,3429.75000000,3460.50000000,3237.75000000,3318.75000000,546255.00600000
2020-05-19,3399.75000000,3435.00000000,3305.25000000,3429.75000000,375917.65225000
2020-05-18,3277.50000000,3494.25000000,3273.00000000,3399.00000000,694361.60251000
2020-05-17,3243.75000000,3336.75000000,3232.50000000,3278.25000000,344498.72506000
2020-05-16,3204.75000000,3291.75000000,3187.50000000,3243.75000000,435940.40697000
2020-05-15,3299.25000000,3310.50000000,3136.50000000,3205.50000000,468836.21013000
2020-05-14,3238.50000000,3328.50000000,3165.75000000,3298.50000000,507436.34974000
2020-05-13,3163.50000000,3280.50000000,3145.50000000,3238.50000000,404524.24723000
2020-05-12,3111.75000000,3216.00000000,3094.50000000,3163.50000000,598291.63995000
2020-05-11,3153.75000000,3217.50000000,2952.75000000,3113.25000000,955643.70805000
2020-05-10,3522.75000000,3528.00000000,2955.00000000,3154.50000000,1404081.17548000
2020-05-09,3577.50000000,3682.50000000,3506.25000000,3521.25000000,656199.99850000
2020-05-08,3552.75000000,3632.25000000,3475.50000000,3576.75000000,631882.81036000
2020-05-07,3369.00000000,3616.50000000,3327.75000000,3552.75000000,796061.59933000
2020-05-06,3492.00000000,3566.25000000,3341.25000000,3370.50000000,466241.72785000
2020-05-05,3522.75000000,3582.00000000,3428.25000000,3490.50000000,415057.43762000
2020-05-04,3605.25000000,3615.00000000,3383.25000000,3522.00000000,693367.01092000
2020-05-03,3690.00000000,3751.50000000,3495.75000000,3603.75000000,566317.38081000
2020-05-02,3531.00000000,3720.00000000,3504.75000000,3690.00000000,408979.14996000
2020-05-01,3474.75000000,3620.25000000,3472.50000000,3530.25000000,499757.96625000
2020-04-30,3660.75000000,3810.00000000,3419.25000000,3474.75000000,1404189.53320000
2020-04-29,3426.75000000,3743.25000000,3423.00000000,3660.75000000,1198086.90059000
2020-04-28,3335.25000000,3459.75000000,3256.50000000,3426.75000000,590012.52304000
2020-04-27,3340.50000000,3392.25000000,3237.00000000,3334.50000000,443570.66029000
2020-04-26,3328.50000000,3404.25000000,3281.25000000,3339.00000000,485605.15593000
2020-04-25,3339.00000000,3418.50000000,3288.00000000,3328.50000000,555367.18724000
2020-04-24,3223.50000000,3374.25000000,3212.25000000,3339.75000000,623877.17694000
2020-04-23,3135.75000000,3293.25000000,3070.50000000,3223.50000000,639336.05312000
2020-04-22,3044.25000000,3174.00000000,3020.25000000,3135.00000000,463111.32681000
2020-04-21,3015.75000000,3100.50000000,3000.75000000,3044.25000000,346732.08492000
2020-04-20,3167.25000000,3243.00000000,2966.25000000,3015.75000000,543840.05683000
2020-04-19,3312.00000000,3322.50000000,3115.50000000,3167.25000000,456205.81252000
2020-04-18,3165.00000000,3332.25000000,3148.50000000,3310.50000000,497104.94271000
2020-04-17,3189.00000000,3225.75000000,3120.75000000,3164.25000000,407623.04587000
2020-04-16,2943.00000000,3283.50000000,2843.25000000,3189.75000000,913086.97771000
2020-04-15,3089.25000000,3131.25000000,2931.00000000,2941.50000000,460328.16310000
2020-04-14,3090.00000000,3138.75000000,3035.25000000,3091.50000000,420837.68832000
2020-04-13,3149.25000000,3149.25000000,2964.00000000,3091.50000000,744114.51306000
2020-04-12,3190.50000000,3268.50000000,3137.25000000,3150.00000000,499257.03257000
2020-04-11,3171.00000000,3237.00000000,3107.25000000,3190.50000000,382360.32132000
2020-04-10,3464.25000000,3479.25000000,3064.50000000,3168.75000000,785172.33131000
2020-04-09,3489.00000000,3514.50000000,3351.75000000,3465.75000000,401085.47958000
2020-04-08,3359.25000000,3540.00000000,3320.25000000,3491.25000000,500059.46495000
2020-04-07,3377.25000000,3573.00000000,3273.00000000,3357.75000000,808081.85352000
2020-04-06,3023.25000000,3381.75000000,3021.00000000,3378.00000000,721562.28580000
2020-04-05,3055.50000000,3075.00000000,2989.50000000,3023.25000000,231112.95730000
2020-04-04,3036.75000000,3087.00000000,2989.50000000,3053.25000000,362602.27624000
2020-04-03,2991.00000000,3094.50000000,2973.00000000,3034.50000000,463368.11630000
2020-04-02,2942.25000000,3219.00000000,2925.00000000,2989.50000000,701573.76921000
2020-04-01,2930.25000000,2962.50000000,2785.50000000,2942.25000000,489850.01556000
2020-03-31,2919.75000000,2949.00000000,2874.75000000,2931.00000000,378426.95789000
2020-03-30,2783.25000000,2977.50000000,2782.50000000,2918.25000000,432738.21921000
2020-03-29,2913.75000000,2933.25000000,2772.75000000,2783.25000000,402076.31264000
2020-03-28,2853.00000000,2957.25000000,2745.75000000,2915.25000000,624312.49566000
2020-03-27,3030.75000000,3090.75000000,2829.75000000,2853.00000000,481643.28173000
2020-03-26,2937.75000000,3036.00000000,2880.00000000,3030.75000000,415595.26222000
2020-03-25,3042.00000000,3078.00000000,2856.75000000,2937.75000000,577448.88856000
2020-03-24,2919.75000000,3071.25000000,2865.75000000,3042.75000000,593656.77335000
2020-03-23,2656.50000000,2999.25000000,2592.75000000,2920.50000000,859942.52611000
2020-03-22,2875.50000000,2976.75000000,2611.50000000,2655.00000000,714342.72730000
2020-03-21,2855.25000000,2988.00000000,2715.75000000,2874.00000000,667452.63396000
2020-03-20,2917.50000000,3276.75000000,2553.75000000,2856.00000000,1571300.60857000
2020-03-19,2604.00000000,3060.00000000,2550.00000000,2917.50000000,1344406.50235000
2020-03-18,2554.50000000,2612.25000000,2421.00000000,2603.25000000,1044607.75726000
2020-03-17,2492.25000000,2688.75000000,2431.50000000,2555.25000000,945437.93136000
2020-03-16,2727.75000000,2730.75000000,2196.75000000,2490.00000000,1624714.37584000
2020-03-15,2580.00000000,2904.75000000,2553.00000000,2728.50000000,1040322.30282000
2020-03-14,2813.25000000,2823.75000000,2535.00000000,2580.00000000,1181175.59196000
2020-03-13,2237.25000000,2994.00000000,1800.00000000,2814.00000000,3435572.20926000
2020-03-12,3639.00000000,3657.00000000,2148.75000000,2237.25000000,2239777.98028000
2020-03-11,3768.00000000,3805.50000000,3410.25000000,3639.75000000,799984.95798000
2020-03-10,3777.75000000,3854.25000000,3664.50000000,3769.50000000,727732.90911000
2020-03-09,3826.50000000,3920.25000000,3492.75000000,3779.25000000,1426145.50164000
2020-03-08,4534.50000000,4535.25000000,3780.75000000,3825.00000000,945026.27128000
2020-03-07,4740.75000000,4791.75000000,4489.50000000,4534.50000000,444270.53508000
2020-03-06,4654.50000000,4788.00000000,4588.50000000,4741.50000000,469519.29565000
2020-03-05,4528.50000000,4746.75000000,4524.75000000,4654.50000000,556909.07976000
2020-03-04,4576.50000000,4633.50000000,4403.25000000,4528.50000000,424299.86211000
2020-03-03,4606.50000000,4680.00000000,4455.00000000,4575.75000000,640940.77457000
2020-03-02,4329.00000000,4674.00000000,4293.75000000,4606.50000000,660927.26176000
2020-03-01,4353.75000000,4521.00000000,4215.75000000,4327.50000000,633924.91162000
2020-02-29,4491.00000000,4623.75000000,4338.00000000,4353.75000000,507036.86245000
2020-02-28,4632.00000000,4754.25000000,4242.00000000,4491.75000000,1070641.27708000
2020-02-27,4539.75000000,4882.50000000,4286.25000000,4632.75000000,1110493.93153000
2020-02-26,5323.50000000,5411.25000000,4305.75000000,4539.75000000,1523364.69178000
2020-02-25,5667.75000000,5706.00000000,5215.50000000,5323.50000000,778054.96678000
2020-02-24,5964.00000000,5982.00000000,5378.25000000,5669.25000000,936157.25919000
2020-02-23,5610.00000000,6000.00000000,5599.50000000,5964.00000000,666132.69507000
2020-02-22,5493.75000000,5759.25000000,5424.00000000,5609.25000000,651449.78648000
2020-02-21,5203.50000000,5643.75000000,5142.00000000,5493.75000000,627123.84133000
2020-02-20,5295.75000000,5432.25000000,4957.50000000,5205.00000000,731293.24627000
2020-02-19,5793.75000000,5958.75000000,5025.00000000,5295.75000000,544027.83444000
2020-02-18,5508.00000000,5931.75000000,5250.00000000,5793.75000000,713680.23162000
2020-02-17,5599.50000000,5662.50000000,5138.25000000,5505.75000000,738054.46975000
2020-02-16,5755.50000000,6057.75000000,5088.75000000,5600.25000000,998173.25658000
2020-02-15,6235.50000000,6262.50000000,5628.00000000,5752.50000000,704650.11923000
2020-02-14,6041.25000000,6284.25000000,5895.75000000,6235.50000000,523491.69506000
2020-02-13,6090.00000000,6324.00000000,5786.25000000,6041.25000000,1051054.74790000
2020-02-12,5733.75000000,6210.75000000,5733.00000000,6087.75000000,771544.88292000
2020-02-11,5548.50000000,5805.00000000,5448.00000000,5734.50000000,557017.26862000
2020-02-10,5774.25000000,5811.00000000,5415.75000000,5551.50000000,709830.62871000
2020-02-09,5742.00000000,5882.25000000,5625.00000000,5775.00000000,475670.64062000
2020-02-08,5573.25000000,5845.50000000,5364.75000000,5742.00000000,647821.60398000
2020-02-07,5519.25000000,5661.00000000,5463.75000000,5572.50000000,542489.66181000
2020-02-06,5444.25000000,5631.00000000,5318.25000000,5520.00000000,715147.76142000
2020-02-05,5103.00000000,5510.25000000,5071.50000000,5444.25000000,646729.48877000
2020-02-04,5223.75000000,5287.50000000,4996.50000000,5105.25000000,487054.42541000
2020-02-03,5244.75000000,5475.00000000,5133.75000000,5223.75000000,689182.24855000
2020-02-02,5304.00000000,5512.50000000,5074.50000000,5244.75000000,818385.89212000
2020-02-01,5101.50000000,5475.00000000,5071.50000000,5304.00000000,952836.89640000
2020-01-31,5100.00000000,5257.50000000,4902.75000000,5100.00000000,938256.78346000
2020-01-30,4485.75000000,5266.50000000,4368.00000000,5098.50000000,1286322.99676000
2020-01-29,4540.50000000,4692.00000000,4455.00000000,4485.00000000,570079.36355000
2020-01-28,4391.25000000,4620.75000000,4296.00000000,4539.00000000,720540.74548000
2020-01-27,4221.75000000,4473.75000000,4190.25000000,4391.25000000,504725.67707000
2020-01-26,3994.50000000,4251.00000000,3960.00000000,4218.00000000,348355.26494000
2020-01-25,4080.75000000,4080.75000000,3892.50000000,3993.75000000,282004.92676000
2020-01-24,4089.00000000,4155.75000000,3798.00000000,4078.50000000,550746.21423000
2020-01-23,4374.75000000,4380.00000000,3931.50000000,4089.00000000,464982.43026000
2020-01-22,4320.00000000,4449.75000000,4288.50000000,4374.75000000,218658.95477000
2020-01-21,4289.25000000,4356.75000000,4193.25000000,4317.75000000,216543.72376000
2020-01-20,4319.25000000,4371.75000000,4188.00000000,4289.25000000,262316.67258000
2020-01-19,4446.75000000,4691.25000000,4150.50000000,4320.00000000,530916.40859000
2020-01-18,4578.75000000,4687.50000000,4342.50000000,4449.00000000,498603.84903000
2020-01-17,4317.00000000,4744.50000000,4254.00000000,4576.50000000,767514.50323000
2020-01-16,4362.75000000,4387.50000000,4087.50000000,4317.00000000,477991.20162000
2020-01-15,4377.75000000,4524.75000000,4146.00000000,4362.00000000,720369.64189000
2020-01-14,3719.25000000,4560.00000000,3718.50000000,4379.25000000,1232536.35364000
2020-01-13,3858.00000000,3870.00000000,3668.25000000,3720.00000000,382092.95573000
2020-01-12,3699.00000000,3881.25000000,3658.50000000,3857.25000000,533583.45808000
2020-01-11,3679.50000000,3896.25000000,3582.75000000,3697.50000000,681984.46652000
2020-01-10,3356.25000000,3729.00000000,3278.25000000,3679.50000000,729803.12291000
2020-01-09,3401.25000000,3434.25000000,3292.50000000,3355.50000000,296221.65692000
2020-01-08,3472.50000000,3640.50000000,3300.00000000,3401.25000000,628050.68438000
2020-01-07,3435.00000000,3527.25000000,3336.00000000,3472.50000000,493847.10532000
2020-01-06,3246.75000000,3456.00000000,3237.00000000,3435.00000000,384930.99090000
2020-01-05,3209.25000000,3345.75000000,3195.00000000,3247.50000000,291964.84958000
2020-01-04,3167.25000000,3217.50000000,3132.75000000,3208.50000000,248814.62818000
2020-01-03,2958.00000000,3179.25000000,2907.75000000,3167.25000000,426771.00676000
2020-01-02,3118.50000000,3130.50000000,2937.75000000,2957.25000000,194486.21570000
2020-01-01,3096.75000000,3156.00000000,3087.00000000,3121.50000000,110044.87445000
2019-12-31,3177.00000000,3228.75000000,3075.00000000,3097.50000000,201549.74137000
2019-12-30,3230.25000000,3313.50000000,3136.50000000,3178.50000000,298595.46371000
2019-12-29,3213.00000000,3282.00000000,3160.50000000,3231.00000000,337087.76870000
2019-12-28,3072.00000000,3282.00000000,3068.25000000,3212.25000000,284295.33296000
2019-12-27,2999.25000000,3112.50000000,2975.25000000,3071.25000000,219242.83628000
2019-12-26,3008.25000000,3129.75000000,2968.50000000,3000.75000000,198471.35190000
2019-12-25,3024.75000000,3036.00000000,2953.50000000,3006.00000000,136397.58244000
2019-12-24,3042.00000000,3084.75000000,2976.00000000,3025.50000000,211802.58489000
2019-12-23,3138.00000000,3200.25000000,3015.75000000,3042.00000000,288871.46721000
2019-12-22,2975.25000000,3162.00000000,2971.50000000,3136.50000000,208763.30093000
2019-12-21,3011.25000000,3016.50000000,2955.75000000,2975.25000000,91777.09640000
2019-12-20,2974.50000000,3030.75000000,2943.75000000,3012.75000000,151508.47648000
2019-12-19,3059.25000000,3082.50000000,2929.50000000,2973.75000000,240386.31479000
2019-12-18,2770.50000000,3128.25000000,2683.50000000,3059.25000000,668186.50576000
2019-12-17,2998.50000000,3009.75000000,2707.50000000,2769.00000000,648918.38857000
2019-12-16,3259.50000000,3267.00000000,2926.50000000,2999.25000000,396847.07159000
2019-12-15,3246.00000000,3303.00000000,3217.50000000,3258.00000000,105010.15867000
2019-12-14,3333.00000000,3350.25000000,3239.25000000,3243.75000000,121589.21791000
2019-12-13,3273.75000000,3341.25000000,3257.25000000,3333.00000000,127935.79567000
2019-12-12,3277.50000000,3308.25000000,3213.00000000,3273.75000000,169652.16018000
2019-12-11,3305.25000000,3334.50000000,3245.25000000,3277.50000000,134280.00698000
2019-12-10,3333.75000000,3350.25000000,3270.00000000,3306.75000000,151332.98482000
2019-12-09,3416.25000000,3440.25000000,3303.00000000,3333.75000000,219794.24751000
2019-12-08,3385.50000000,3465.00000000,3360.75000000,3417.00000000,131675.58673000
2019-12-07,3394.50000000,3487.50000000,3370.50000000,3386.25000000,195130.20296000
2019-12-06,3358.50000000,3412.50000000,3303.75000000,3396.00000000,273507.67563000
2019-12-05,3348.00000000,3390.75000000,3277.50000000,3360.75000000,444840.89828000
2019-12-04,3357.00000000,3523.50000000,3276.75000000,3350.25000000,555313.52753000
2019-12-03,3408.00000000,3466.50000000,3319.50000000,3356.25000000,323943.46120000
2019-12-02,3558.75000000,3567.75000000,3353.25000000,3408.75000000,302502.05198000
2019-12-01,3540.75000000,3633.75000000,3412.50000000,3558.75000000,313486.32183000
2019-11-30,3641.25000000,3657.00000000,3489.75000000,3540.75000000,270874.56808000
2019-11-29,3508.50000000,3699.75000000,3504.75000000,3640.50000000,301668.56643000
2019-11-28,3576.75000000,3600.00000000,3450.75000000,3509.25000000,267853.24107000
2019-11-27,3518.25000000,3651.75000000,3338.25000000,3577.50000000,455880.87524000
2019-11-26,3411.00000000,3567.75000000,3391.50000000,3518.25000000,310692.28241000
2019-11-25,3290.25000000,3556.50000000,3153.00000000,3410.25000000,571324.21757000
2019-11-24,3608.25000000,3618.00000000,3258.75000000,3289.50000000,419517.52854000
2019-11-23,3549.00000000,3639.75000000,3459.75000000,3607.50000000,301729.20885000
2019-11-22,3795.75000000,3866.25000000,3268.50000000,3549.00000000,924579.32624000
2019-11-21,4124.25000000,4146.75000000,3638.25000000,3795.75000000,442743.26376000
2019-11-20,4134.75000000,4212.00000000,4095.75000000,4123.50000000,224543.37210000
2019-11-19,4185.00000000,4217.25000000,4065.00000000,4134.75000000,245040.39116000
2019-11-18,4440.75000000,4447.50000000,4050.00000000,4185.75000000,297441.77936000
2019-11-17,4371.75000000,4497.75000000,4316.25000000,4441.50000000,190026.97121000
2019-11-16,4320.75000000,4423.50000000,4285.50000000,4372.50000000,135649.07460000
2019-11-15,4425.00000000,4556.25000000,4215.00000000,4320.00000000,333621.34492000
2019-11-14,4572.00000000,4582.50000000,4368.75000000,4425.00000000,289462.24048000
2019-11-13,4608.75000000,4653.75000000,4520.25000000,4572.00000000,175581.95546000
2019-11-12,4638.00000000,4668.75000000,4481.25000000,4606.50000000,299770.77160000
2019-11-11,4773.75000000,4824.75000000,4535.25000000,4638.00000000,409179.59195000
2019-11-10,4653.00000000,4964.25000000,4560.00000000,4773.75000000,437892.99669000
2019-11-09,4527.00000000,4677.75000000,4512.75000000,4653.00000000,196430.96635000
2019-11-08,4605.00000000,4686.75000000,4419.75000000,4528.50000000,347351.93739000
2019-11-07,4808.25000000,4824.75000000,4520.25000000,4604.25000000,327504.17073000
2019-11-06,4734.75000000,4824.75000000,4692.00000000,4808.25000000,334742.14328000
2019-11-05,4594.50000000,4811.25000000,4566.75000000,4734.00000000,527595.77833000
2019-11-04,4371.75000000,4680.00000000,4340.25000000,4596.75000000,410380.76551000
2019-11-03,4368.00000000,4406.25000000,4288.50000000,4371.75000000,141302.66308000
2019-11-02,4368.00000000,4439.25000000,4329.75000000,4368.75000000,150647.43930000
2019-11-01,4371.75000000,4410.00000000,4251.00000000,4367.25000000,221222.32940000
2019-10-31,4342.50000000,4467.00000000,4275.75000000,4371.75000000,269103.33623000
2019-10-30,4482.00000000,4578.75000000,4266.00000000,4341.75000000,341531.28519000
2019-10-29,4327.50000000,4556.25000000,4323.75000000,4481.25000000,401424.23907000
2019-10-28,4484.25000000,4685.25000000,4305.00000000,4327.50000000,540004.69723000
2019-10-27,4251.75000000,4713.75000000,4169.25000000,4483.50000000,661079.75268000
2019-10-26,4270.50000000,4752.75000000,4060.50000000,4253.25000000,1041416.04901000
2019-10-25,3716.25000000,4402.50000000,3675.75000000,4269.75000000,761473.61477000
2019-10-24,3711.00000000,3774.00000000,3622.50000000,3715.50000000,308330.52196000
2019-10-23,4003.50000000,4008.00000000,3532.50000000,3712.50000000,509593.26474000
2019-10-22,4092.75000000,4131.75000000,3972.75000000,4004.25000000,159956.49835000
2019-10-21,4113.75000000,4180.50000000,4025.25000000,4092.75000000,208464.19325000
2019-10-20,4029.00000000,4159.50000000,3943.50000000,4113.75000000,208172.70191000
2019-10-19,3990.75000000,4062.00000000,3940.50000000,4029.00000000,152610.00837000
2019-10-18,4121.25000000,4125.75000000,3914.25000000,3990.75000000,213517.39011000
2019-10-17,3933.75000000,4141.50000000,3867.75000000,4120.50000000,238776.40360000
2019-10-16,4092.75000000,4154.25000000,3825.00000000,3933.75000000,299556.40107000
2019-10-15,4262.25000000,4304.25000000,4005.00000000,4093.50000000,332451.21390000
2019-10-14,4233.00000000,4282.50000000,4195.50000000,4262.25000000,133434.14038000
2019-10-13,4178.25000000,4326.75000000,4160.25000000,4234.50000000,157772.38785000
2019-10-12,4188.75000000,4237.50000000,4155.75000000,4177.50000000,101685.84465000
2019-10-11,4311.00000000,4381.50000000,4149.75000000,4188.75000000,266818.06740000
2019-10-10,4432.50000000,4449.75000000,4275.00000000,4310.25000000,215031.29392000
2019-10-09,4269.00000000,4504.50000000,4245.00000000,4434.00000000,344098.90670000
2019-10-08,4309.50000000,4383.75000000,4235.25000000,4270.50000000,184201.79637000
2019-10-07,4081.50000000,4398.75000000,3993.75000000,4309.50000000,314689.40497000
2019-10-06,4251.75000000,4260.00000000,3954.75000000,4080.75000000,259829.37559000
2019-10-05,4222.50000000,4305.00000000,4167.75000000,4251.75000000,177602.10058000
2019-10-04,4233.75000000,4312.50000000,4141.50000000,4222.50000000,247275.45318000
2019-10-03,4221.00000000,4280.25000000,4021.50000000,4233.00000000,253310.60723000
2019-10-02,4169.25000000,4249.50000000,4134.75000000,4217.25000000,215424.38457000
2019-10-01,4200.75000000,4320.00000000,4111.50000000,4172.25000000,333581.15687000
2019-09-30,4038.00000000,4218.75000000,3934.50000000,4199.25000000,369529.68787000
2019-09-29,4153.50000000,4168.50000000,3909.75000000,4036.50000000,227546.40106000
2019-09-28,4189.50000000,4212.00000000,4025.25000000,4152.75000000,258783.39518000
2019-09-27,4137.75000000,4245.75000000,3945.75000000,4189.50000000,390379.87374000
2019-09-26,4311.00000000,4317.00000000,3772.50000000,4139.25000000,630061.90746000
2019-09-25,4092.75000000,4375.50000000,3963.00000000,4307.25000000,781318.26507000
2019-09-24,4990.50000000,5056.50000000,4055.25000000,4092.75000000,987995.23380000
2019-09-23,5419.50000000,5568.00000000,4641.00000000,4990.50000000,527501.79121000
2019-09-22,5490.00000000,5491.50000000,5327.25000000,5417.25000000,219392.15857000
2019-09-21,5629.50000000,5668.50000000,5404.50000000,5491.50000000,211641.79197000
2019-09-20,5742.00000000,5781.00000000,5458.50000000,5628.75000000,286151.47725000
2019-09-19,5832.75000000,6067.50000000,5446.50000000,5742.00000000,516227.12489000
2019-09-18,5554.50000000,6022.50000000,5548.50000000,5835.75000000,463500.72712000
2019-09-17,5450.25000000,5819.25000000,5411.25000000,5553.00000000,331820.84685000
2019-09-16,5253.00000000,5525.25000000,5202.00000000,5447.25000000,267731.58165000
2019-09-15,5286.75000000,5346.00000000,5212.50000000,5253.00000000,123157.58776000
2019-09-14,5169.75000000,5362.50000000,5115.00000000,5287.50000000,179064.87019000
2019-09-13,5188.50000000,5218.50000000,5052.00000000,5169.75000000,156416.29244000
2019-09-12,5235.00000000,5250.00000000,5122.50000000,5186.25000000,135570.08885000
2019-09-11,5313.75000000,5385.75000000,5118.75000000,5235.00000000,208744.34146000
2019-09-10,5239.50000000,5482.50000000,5232.75000000,5313.75000000,315598.33706000
2019-09-09,5277.00000000,5353.50000000,5079.75000000,5241.75000000,229275.26659000
2019-09-08,5157.75000000,5359.50000000,5100.00000000,5277.00000000,315059.92831000
2019-09-07,4866.00000000,5292.75000000,4839.75000000,5157.75000000,305501.47722000
2019-09-06,4893.00000000,5100.00000000,4765.50000000,4865.25000000,278618.16432000
2019-09-05,5026.50000000,5054.25000000,4810.50000000,4892.25000000,166569.36182000
2019-09-04,5175.00000000,5193.00000000,4980.00000000,5025.75000000,219846.13540000
2019-09-03,5019.00000000,5325.00000000,4985.25000000,5179.50000000,286130.47957000
2019-09-02,4938.75000000,5102.25000000,4860.00000000,5019.00000000,210648.66087000
2019-09-01,4817.25000000,5040.75000000,4780.50000000,4941.75000000,160452.85757000
2019-08-31,4813.50000000,4904.25000000,4668.75000000,4818.00000000,148167.15877000
2019-08-30,4766.25000000,4920.00000000,4662.00000000,4812.75000000,188503.14428000
2019-08-29,5004.75000000,5007.75000000,4650.00000000,4769.25000000,206167.47861000
2019-08-28,5466.00000000,5485.50000000,4875.00000000,5004.75000000,295837.67734000
2019-08-27,5519.25000000,5531.25000000,5409.75000000,5467.50000000,92746.01751000
2019-08-26,5409.00000000,5659.50000000,5406.75000000,5515.50000000,186459.72505000
2019-08-25,5499.00000000,5619.75000000,5292.00000000,5407.50000000,143368.07877000
2019-08-24,5652.75000000,5673.75000000,5354.25000000,5499.00000000,119841.86721000
2019-08-23,5503.50000000,5694.00000000,5407.50000000,5653.50000000,138535.90048000
2019-08-22,5488.50000000,5598.00000000,5325.00000000,5498.25000000,159575.08558000
2019-08-21,5634.75000000,5649.75000000,5260.50000000,5495.25000000,188740.48706000
2019-08-20,5782.50000000,5797.50000000,5498.25000000,5635.50000000,130580.76909000
2019-08-19,5723.25000000,5921.25000000,5652.00000000,5782.50000000,176507.93997000
2019-08-18,5448.00000000,5850.00000000,5355.00000000,5718.75000000,171800.85253000
2019-08-17,5597.25000000,5651.25000000,5362.50000000,5448.75000000,131039.84431000
2019-08-16,5718.00000000,5731.50000000,5425.50000000,5600.25000000,186709.02728000
2019-08-15,5693.25000000,5827.50000000,5577.00000000,5718.75000000,157703.32106000
2019-08-14,6362.25000000,6474.00000000,5625.00000000,5692.50000000,310895.41050000
2019-08-13,6434.25000000,6509.25000000,6244.50000000,6366.00000000,166783.80957000
2019-08-12,6749.25000000,6753.00000000,6408.75000000,6434.25000000,147573.87933000
2019-08-11,6409.50000000,6867.75000000,6386.25000000,6744.75000000,196951.40228000
2019-08-10,6318.75000000,6562.50000000,6170.25000000,6409.50000000,243663.59097000
2019-08-09,6756.00000000,6783.75000000,6198.00000000,6318.00000000,245919.98030000
2019-08-08,6794.25000000,6956.25000000,6579.00000000,6761.25000000,227275.85013000
2019-08-07,6978.75000000,7083.75000000,6552.00000000,6794.25000000,298275.75612000
2019-08-06,7242.00000000,7449.00000000,6825.00000000,6974.25000000,370218.49667000
2019-08-05,6951.00000000,8007.75000000,6951.00000000,7242.00000000,708024.73305000
2019-08-04,7061.25000000,7110.00000000,6758.25000000,6948.00000000,210063.34433000
2019-08-03,7110.00000000,7252.50000000,7013.25000000,7062.75000000,187442.26636000
2019-08-02,7396.50000000,7407.75000000,6939.00000000,7107.00000000,284902.02673000
2019-08-01,7407.75000000,7544.25000000,7142.25000000,7398.00000000,256621.80027000
2019-07-31,6759.00000000,7496.25000000,6735.75000000,7407.00000000,280442.01907000
2019-07-30,6774.75000000,6953.25000000,6637.50000000,6761.25000000,166817.93325000
2019-07-29,6750.00000000,6919.50000000,6561.00000000,6774.75000000,233655.44074000
2019-07-28,6662.25000000,6817.50000000,6234.75000000,6750.00000000,201075.77208000
2019-07-27,7050.75000000,7206.75000000,6500.25000000,6659.25000000,250915.24992000
2019-07-26,6992.25000000,7089.00000000,6737.25000000,7054.50000000,169220.32033000
2019-07-25,7082.25000000,7250.25000000,6829.50000000,6991.50000000,228403.48379000
2019-07-24,6757.50000000,7308.75000000,6510.00000000,7087.50000000,355813.08830000
2019-07-23,7148.25000000,7151.25000000,6646.50000000,6761.25000000,264516.21574000
2019-07-22,7480.50000000,7568.25000000,6835.50000000,7148.25000000,318533.96014000
2019-07-21,7519.50000000,7605.75000000,7230.00000000,7477.50000000,247121.43139000
2019-07-20,7368.75000000,7941.00000000,7306.50000000,7518.75000000,355926.02335000
2019-07-19,7586.25000000,7594.50000000,7104.75000000,7367.25000000,366646.23978000
2019-07-18,6748.50000000,7837.50000000,6515.25000000,7587.00000000,609872.10131000
2019-07-17,5971.50000000,7098.75000000,5325.00000000,6746.25000000,611125.08258000
2019-07-16,6782.25000000,6893.25000000,5745.00000000,5970.75000000,483565.93207000
2019-07-15,6725.25000000,6974.25000000,6345.00000000,6782.25000000,382169.24803000
2019-07-14,7579.50000000,7642.50000000,6568.50000000,6724.50000000,429594.96949000
2019-07-13,7864.50000000,7877.25000000,7323.00000000,7577.25000000,229252.96129000
2019-07-12,7725.00000000,8026.50000000,7548.75000000,7864.50000000,204977.52431000
2019-07-11,8121.75000000,8124.75000000,7140.75000000,7723.50000000,566917.40666000
2019-07-10,8942.25000000,9009.75000000,7687.50000000,8123.25000000,507821.30862000
2019-07-09,9219.00000000,9306.00000000,8823.00000000,8943.00000000,233440.12041000
2019-07-08,8961.00000000,9380.25000000,8832.75000000,9219.00000000,219116.92194000
2019-07-07,8871.00000000,9026.25000000,8775.00000000,8961.00000000,142378.61429000
2019-07-06,8871.75000000,9135.00000000,8779.50000000,8873.25000000,153816.69797000
2019-07-05,8973.00000000,9074.25000000,8716.50000000,8876.25000000,223608.71264000
2019-07-04,9100.50000000,9527.25000000,8888.25000000,8970.75000000,375062.74273000
2019-07-03,8905.50000000,9236.25000000,8758.50000000,9102.00000000,365008.06750000
2019-07-02,9237.00000000,9300.00000000,8447.25000000,8907.75000000,469582.08700000
2019-07-01,9241.50000000,9527.25000000,8536.50000000,9237.75000000,612063.25919000
2019-06-30,10041.00000000,10308.00000000,9040.50000000,9243.75000000,808645.44775000
2019-06-29,8999.25000000,10275.00000000,8700.00000000,10039.50000000,650966.52780000
2019-06-28,8701.50000000,9164.25000000,8586.75000000,9000.75000000,455587.96464000
2019-06-27,9918.00000000,10012.50000000,8386.50000000,8700.75000000,932158.03694000
2019-06-26,10224.00000000,10387.50000000,9562.50000000,9918.75000000,659208.45477000
2019-06-25,10183.50000000,10397.25000000,9731.25000000,10224.75000000,343042.31826000
2019-06-24,10312.50000000,10314.00000000,9948.75000000,10182.75000000,269137.08964000
2019-06-23,10665.00000000,10750.50000000,10211.25000000,10312.50000000,273142.66174000
2019-06-22,10372.50000000,10942.50000000,10200.75000000,10669.50000000,670112.19411000
2019-06-21,10158.75000000,10596.75000000,9825.00000000,10371.00000000,392390.97750000
2019-06-20,10230.75000000,10256.25000000,9975.00000000,10159.50000000,236819.61409000
2019-06-19,10143.75000000,10462.50000000,10012.50000000,10232.25000000,373850.88301000
2019-06-18,10035.00000000,10263.00000000,9600.00000000,10141.50000000,400995.83149000
2019-06-17,10231.50000000,10261.50000000,9864.75000000,10035.00000000,302485.50097000
2019-06-16,10313.25000000,10365.00000000,9986.25000000,10233.75000000,392560.10493000
2019-06-15,9902.25000000,10462.50000000,9900.75000000,10315.50000000,389908.37623000
2019-06-14,9791.25000000,9977.25000000,9391.50000000,9900.00000000,460272.62793000
2019-06-13,10149.00000000,10239.00000000,9594.00000000,9791.25000000,477007.30523000
2019-06-12,10184.25000000,10739.25000000,9739.50000000,10149.00000000,1015972.92864000
2019-06-11,9689.25000000,10392.00000000,9363.75000000,10176.75000000,836034.97354000
2019-06-10,8599.50000000,9759.00000000,8440.50000000,9686.25000000,793211.22328000
2019-06-09,8850.75000000,8920.50000000,8326.50000000,8599.50000000,425246.36749000
2019-06-08,8755.50000000,8977.50000000,8512.50000000,8850.75000000,454621.75369000
2019-06-07,8343.75000000,9075.00000000,8214.75000000,8753.25000000,619792.48983000
2019-06-06,7770.75000000,8405.25000000,7575.00000000,8339.25000000,488905.21588000
2019-06-05,7665.00000000,7890.75000000,7508.25000000,7774.50000000,379894.44483000
2019-06-04,7945.50000000,8010.00000000,7359.75000000,7665.00000000,673951.14145000
2019-06-03,8583.00000000,8715.00000000,7875.75000000,7949.25000000,441610.78458000
2019-06-02,8425.50000000,8736.00000000,8343.75000000,8579.25000000,234192.23299000
2019-06-01,8598.75000000,8721.00000000,8288.25000000,8426.25000000,318759.84041000
2019-05-31,8083.50000000,8619.75000000,7841.25000000,8595.00000000,487341.72799000
2019-05-30,8627.25000000,9026.25000000,7680.00000000,8083.50000000,708618.82450000
2019-05-29,8615.25000000,8874.75000000,8100.00000000,8629.50000000,359489.09796000
2019-05-28,8730.75000000,8866.50000000,8331.00000000,8610.75000000,399902.25403000
2019-05-27,8327.25000000,9141.75000000,8245.50000000,8722.50000000,873684.89847000
2019-05-26,7699.50000000,8550.00000000,7312.50000000,8325.00000000,658431.91144000
2019-05-25,7537.50000000,7880.25000000,7415.25000000,7699.50000000,519802.98950000
2019-05-24,6650.25000000,7782.75000000,6600.75000000,7537.50000000,832985.16125000
2019-05-23,6580.50000000,6714.75000000,6346.50000000,6645.75000000,208332.29525000
2019-05-22,6807.75000000,6903.00000000,6437.25000000,6580.50000000,308520.29109000
2019-05-21,6832.50000000,6976.50000000,6662.25000000,6809.25000000,335538.23309000
2019-05-20,7091.25000000,7093.50000000,6533.25000000,6832.50000000,447735.71615000
2019-05-19,6491.25000000,7260.75000000,6455.25000000,7093.50000000,584649.51759000
2019-05-18,6732.00000000,6788.25000000,6383.25000000,6488.25000000,380542.14297000
2019-05-17,7161.75000000,7311.00000000,6320.25000000,6732.00000000,914179.22548000
2019-05-16,7652.25000000,8035.50000000,6804.75000000,7161.75000000,1179885.10784000
2019-05-15,6836.25000000,7818.75000000,6726.75000000,7651.50000000,673429.92612000
2019-05-14,6550.50000000,7020.75000000,6487.50000000,6837.75000000,644139.06467000
2019-05-13,6353.25000000,6936.75000000,6307.50000000,6537.00000000,627311.35573000
2019-05-12,6494.25000000,7050.75000000,6225.00000000,6354.75000000,797262.85973000
2019-05-11,5784.00000000,7125.00000000,5763.75000000,6494.25000000,909602.12694000
2019-05-10,5563.50000000,5970.75000000,5449.50000000,5783.25000000,422915.92520000
2019-05-09,5583.00000000,5692.50000000,5457.75000000,5564.25000000,240477.43667000
2019-05-08,5594.25000000,5662.50000000,5430.00000000,5583.00000000,206081.78548000
2019-05-07,5621.25000000,5906.25000000,5505.00000000,5595.75000000,357677.92795000
2019-05-06,5677.50000000,5768.25000000,5373.00000000,5620.50000000,389445.48037000
2019-05-05,5829.75000000,5862.00000000,5655.00000000,5677.50000000,236821.31245000
2019-05-04,5944.50000000,6207.00000000,5590.50000000,5832.75000000,457004.01484000
2019-05-03,5523.75000000,6043.50000000,5498.25000000,5941.50000000,538448.40523000
2019-05-02,5501.25000000,5581.50000000,5454.75000000,5526.00000000,289626.45366000
2019-05-01,5573.25000000,5652.00000000,5383.50000000,5502.00000000,273831.04765000
2019-04-30,5089.50000000,5605.50000000,5089.50000000,5574.00000000,354469.13538000
2019-04-29,5241.75000000,5277.75000000,4987.50000000,5090.25000000,203603.18601000
2019-04-28,5418.00000000,5454.00000000,5171.25000000,5241.75000000,218635.58959000
2019-04-27,5537.25000000,5550.75000000,5387.25000000,5417.25000000,102336.98217000
2019-04-26,5384.25000000,5737.50000000,5273.25000000,5536.50000000,345014.87676000
2019-04-25,5463.75000000,5582.25000000,5295.00000000,5383.50000000,307408.70386000
2019-04-24,5525.25000000,5601.75000000,5242.50000000,5463.75000000,466422.90922000
2019-04-23,5735.25000000,5946.75000000,5499.75000000,5527.50000000,408341.22655000
2019-04-22,5745.75000000,5822.25000000,5617.50000000,5738.25000000,285737.83886000
2019-04-21,6087.00000000,6138.75000000,5464.50000000,5748.75000000,405449.35652000
2019-04-20,6153.75000000,6201.75000000,5949.75000000,6086.25000000,209481.54759000
2019-04-19,6125.25000000,6237.75000000,5961.00000000,6153.75000000,265365.49383000
2019-04-18,5911.50000000,6274.50000000,5905.50000000,6126.00000000,328509.77037000
2019-04-17,6020.25000000,6112.50000000,5850.00000000,5907.75000000,232336.81062000
2019-04-16,5854.50000000,6111.75000000,5766.00000000,6020.25000000,295134.17728000
2019-04-15,6248.25000000,6330.75000000,5625.00000000,5855.25000000,437925.65449000
2019-04-14,5818.50000000,6270.00000000,5706.75000000,6246.00000000,242418.41303000
2019-04-13,5882.25000000,6076.50000000,5663.25000000,5821.50000000,276710.71090000
2019-04-12,5917.50000000,6032.25000000,5625.00000000,5885.25000000,351092.11924000
2019-04-11,6612.00000000,6633.75000000,5598.00000000,5916.00000000,663804.98498000
2019-04-10,6464.25000000,6832.50000000,6443.25000000,6612.00000000,315727.23676000
2019-04-09,6642.75000000,6653.25000000,6195.75000000,6462.75000000,317748.78519000
2019-04-08,6866.25000000,7050.00000000,6390.00000000,6642.75000000,439909.33843000
2019-04-07,6917.25000000,7158.00000000,6655.50000000,6866.25000000,404878.13429000
2019-04-06,6618.00000000,7315.50000000,6375.00000000,6915.75000000,706789.23459000
2019-04-05,6353.25000000,6738.75000000,6273.75000000,6618.00000000,366668.99563000
2019-04-04,6376.50000000,6738.75000000,5988.75000000,6352.50000000,775702.67217000
2019-04-03,5757.00000000,7387.50000000,5718.00000000,6389.25000000,1514710.29313000
2019-04-02,4533.75000000,5880.00000000,4496.25000000,5758.50000000,805505.16575000
2019-04-01,4535.25000000,4567.50000000,4471.50000000,4533.75000000,129238.66121000
2019-03-31,4533.75000000,4554.00000000,4487.25000000,4536.00000000,120015.86005000
2019-03-30,4605.75000000,4617.00000000,4469.25000000,4533.75000000,161304.26128000
2019-03-29,4536.00000000,4635.00000000,4511.25000000,4608.75000000,200422.34535000
2019-03-28,4607.25000000,4607.25000000,4511.25000000,4537.50000000,160785.54618000
2019-03-27,4410.75000000,4640.25000000,4393.50000000,4608.00000000,260971.73061000
2019-03-26,4429.50000000,4451.25000000,4292.25000000,4409.25000000,175752.00925000
2019-03-25,4485.75000000,4552.50000000,4365.00000000,4428.00000000,216703.66968000
2019-03-24,4566.00000000,4567.50000000,4413.00000000,4486.50000000,360926.15706000
2019-03-23,4442.25000000,4632.00000000,4419.75000000,4566.75000000,372961.54781000
2019-03-22,4390.50000000,4470.00000000,4350.00000000,4444.50000000,184427.33587000
2019-03-21,4521.75000000,4548.00000000,4273.50000000,4390.50000000,164946.60535000
2019-03-20,4462.50000000,4555.50000000,4248.00000000,4520.25000000,285413.79340000
2019-03-19,4440.00000000,4497.00000000,4374.75000000,4464.00000000,221995.59833000
2019-03-18,4535.25000000,4697.25000000,4365.00000000,4437.75000000,301146.21398000
2019-03-17,4591.50000000,4599.00000000,4467.75000000,4535.25000000,174833.31913000
2019-03-16,4389.00000000,4647.75000000,4380.75000000,4590.75000000,375314.79266000
2019-03-15,4195.50000000,4436.25000000,4195.50000000,4389.00000000,295307.77677000
2019-03-14,4146.75000000,4365.00000000,3874.50000000,4195.50000000,333686.39631000
2019-03-13,4245.00000000,4263.00000000,4072.50000000,4146.75000000,234206.35923000
2019-03-12,4111.50000000,4272.00000000,4029.00000000,4243.50000000,186798.97334000
2019-03-11,4247.25000000,4302.75000000,4050.00000000,4111.50000000,319640.84363000
2019-03-10,4333.50000000,4353.00000000,4188.00000000,4244.25000000,198932.23727000
2019-03-09,4168.50000000,4487.25000000,4153.50000000,4333.50000000,413625.10436000
2019-03-08,4254.75000000,4320.00000000,4072.50000000,4170.75000000,440480.65904000
2019-03-07,4152.75000000,4434.00000000,4032.75000000,4254.75000000,816612.77049000
2019-03-06,3939.00000000,4260.75000000,3833.25000000,4152.75000000,670227.49403000
2019-03-05,3433.50000000,4068.75000000,3403.50000000,3939.00000000,798938.10368000
